# Created by Octave 7.1.0, Thu Jul 21 14:54:06 2022 GMT <unknown@DESKTOP-S0LBC4M>
# name: z
# type: matrix
# rows: 1
# columns: 2048
 0.19320683908525063 2.5572597358741964 0.077640113185414722 0.53075519288715234 3.6417409364268041 4.5129686231728225 0.061557470295281552 0.096919286202066635 0.61420668934935729 2.8011505641833572 0.085745046613168258 0.57716553895616263 2.4461555726124051 2.3754167267945197 0.21982098685057241 1.847190105621596 1.0160152799259867 0.25489454902383146 0.31552807670604899 1.0671492732873904 0.18670540359691851 0.78426957885847037 0.57300258345039279 0.61840560505954822 0.46932337715018385 0.57265323260633616 1.7852488173924754 0.40242270456359019 0.2723761812278167 1.512851550335526 2.0927090873275693 1.9568907891697402 2.7621358183693556 3.4613162186329167 0.019827262596451119 1.2909344115626364 0.48330513861111229 0.68640181270993628 0.20381959610732298 0.3535481664895348 0.45286981221966982 0.76589747093051674 4.7542229580787705 0.056713510914286405 0.15325616327474775 0.028097770422241295 1.568025806072779 0.120475454394948 0.33837665919641829 0.22972285505903919 0.60375712626868572 1.627728970475258 0.27172185817645811 2.1164644787891942 1.2933783855248564 0.82658111313427318 0.44400356288794285 1.2659763454247233 1.5177742949517221 2.1645507194384548 0.24474081185593266 0.25108397347438749 1.3200211524935448 1.1067431869522344 1.0415015236520639 0.32177228074690617 0.83706877356511389 1.1021794199085291 0.042073584001189039 0.030601824468171713 0.065451656352261162 2.0809708427354687 1.1229847478301398 0.2175605169746278 0.35803470454105291 0.18342846800186691 0.038550517305509284 0.8566145691144138 0.97817034617887366 1.3905964768292209 0.34771379275222447 2.3448251947745726 0.99741874204511449 0.14239981282589681 0.087362236129263485 0.99805773306047396 0.98380389251220079 0.87404461161189129 0.20385491510086118 1.5371239147181788 0.83541820871189243 1.6159198475698076 0.2497067077052724 0.46801285430633627 0.40002984826716564 2.300152739400358 0.60216923493715391 1.0416309164564959 0.17144700591263021 1.0567959927558319 0.070433282393620414 1.7436794426036353 1.6370150469249178 0.06077299405531681 0.7108278935163771 0.17379738833464295 0.38325466236691935 1.1627347725508539 2.267826235433672 0.34083536963104044 0.36434784409138549 0.46061435970090703 0.058288818555496294 0.81349832348363693 0.74946588759462973 0.67501611894849878 3.5052935981448763 0.15765288645231018 0.73597064729660877 0.11542838315775776 0.38908466038803047 0.1146889207356666 0.87981237960245762 0.38977104502560111 2.6854987969136088 0.10055217464660281 0.58887372369792257 0.10978018612810815 0.16496119250416719 1.0900138483249695 0.65046993777359507 1.4659592221385898 1.0826231593157793 1.8605710280223613 0.18749770104192637 1.7796851787477592 0.82954913567445032 0.19195862930447782 2.1889111208152872 0.81011132307908229 0.3776230673923836 0.059476542710354026 0.66194212664428531 1.4581873281555522 0.19334207373226592 1.3309132490409972 0.0069774563138782948 0.77613186217932228 0.56114084927379493 1.3967013174357343 1.0080801731119682 2.4598174026820994 1.1946875770073995 0.26586539586252467 2.514212440363957 1.5403843785999238 1.8679932749048316 0.53728508360201244 1.3028026402688297 1.6358723014192382 5.2704726490707801 0.2665289209128327 0.20662546428917214 0.50880756538576477 2.3692125966473681 0.86129503591177192 0.73991774274210376 0.22705146369189239 1.2446788104969859 0.080871166782224224 2.544038540658474 1.0962095725618108 1.0424308964923947 1.2023947066318104 0.32856802653521544 0.56095401344592888 0.61442511772849306 3.633592127166644 0.82638737057108258 1.4671279127201193 0.98755861617885132 0.35987950450580741 0.030949023058768392 0.8913750765452203 0.64577417698343209 0.13782079396386387 0.63217750415325247 2.2520552370116182 0.82685258473950751 0.54136472696471072 0.35044352298825671 1.9654412757083817 0.11299322649860899 0.20623997521169848 1.9638226725202317 0.84253602565974028 1.4952903551632972 0.79242232223958464 0.15773998908941272 1.5816313933242119 4.1165943877367059 0.31478644269402473 1.2300003745437373 0.16312267035954686 0.1444884460152768 1.1390271256733866 0.20055147828755937 0.48566799135842242 0.76841098829808785 0.10094846073733138 0.13628223365063222 0.9343945726074725 0.57014436745361197 2.0877357676809885 0.59199384947381439 1.2845068838372231 4.4090329290438506 1.4221632480775896 0.76401991819725668 0.24227965927579687 3.0743371633516721 1.5748089191014176 1.2290046452167558 0.59005475078586744 1.8559568480152895 0.79968828930000535 0.75192038733321165 0.29599689498403792 1.0431667256889909 1.5326839579483602 2.2731100140427185 2.0702248013754367 1.5107995880338543 0.81391550979402427 0.012428962064822656 2.7227019866325164 0.58331557583769034 0.30046525420862691 0.63565942134341358 0.40626977581399998 1.3243238550145142 0.20587820593617293 0.35950167917378273 0.69458287118180295 0.48881146424379479 0.43977702512531108 2.3060923687307753 0.70752972361334265 0.48947484314072587 0.3266756744231854 0.14817778070981424 1.3922202545287314 0.061781341708019147 1.0446418963698771 0.40769479376613738 1.5657218273941784 3.505274693092002 0.14084454388229931 1.648728466154844 0.85012703613752594 2.5347037480379426 0.27049942035992225 1.0647490687495818 0.560101433348974 0.84897326973941656 0.42361467084811594 0.68274739620156422 0.66937323079816768 0.62510793443153845 1.5150793606811226 0.37138825197355257 3.1712006326882776 0.50335938082371157 0.22269367958061445 0.18488833309936759 1.2057752365414642 1.8128597748526514 0.67545721525721647 5.0286542842382644 0.29850810502497049 0.15114740152671424 1.443806122448994 2.4902773721403739 0.26001516905093369 1.472421944136816 2.5292212150825644 0.036584235137326254 1.2936158859481188 1.404960966126954 3.8856590403227069 1.5355509371051372 0.50279846937439432 0.29187704018314364 0.6790952208834331 2.4197874539868942 0.75412011268132551 1.7058847014052596 1.2099520083092559 0.15281614888665737 0.2294660981225479 0.26620288516937951 0.15712576445646848 0.96240770044245061 1.4883239151608243 1.8069600349153918 0.93221033438748635 1.3730911489356581 2.2447109299982824 0.1350741964141772 0.83060989494559079 1.3407429385500638 2.455020591756135 0.8026123879058642 0.039373119227555681 0.20308492908255363 3.8900006036258308 1.610299542870955 0.60783002658109742 3.166244044463935 0.48261447794012469 0.51044776088215627 1.4020535900643893 0.15266168307917641 0.084353571723149223 1.366925107727321 0.18365978187904392 0.69011380004415868 1.4071081148040891 0.010090673432371463 0.69095908043705601 1.0538237115162619 0.44350546945777081 1.0889331232365882 1.2976265073977367 0.49880965581294695 0.27139103832543587 1.0314573717342961 0.30261138986160901 0.16133053263354558 0.29464607252050218 0.10889400123473707 2.0554553800133362 1.2750821270321751 2.419330966368948 0.24975849598489636 0.028946381016834544 0.22625993869703814 0.88771919378784903 1.3755664077707055 0.084532945861535189 1.8604657822789912 0.6947689869753283 0.52803870623394322 0.72927605225981007 0.35153396517077357 0.08559629538424525 0.47901422361545654 2.8129907259210851 2.4919470028101891 0.15230828663082718 0.30715032708516243 0.95061860710902268 0.52087753768196543 0.0069488935124474077 0.33763732453496303 1.2335432797462687 1.3085633878865814 0.15989131329558803 1.3887278451336065 0.084040185565194978 0.46409647930875531 0.93515672574122521 1.0273191899750933 0.36244131377168726 1.3990196486113005 1.1136152766887566 0.52932734334418963 1.0175650975091872 0.23212416268530708 3.7656048618268394 0.15340725236208599 0.78081499436974178 1.8827281840260801 0.24134520494672787 2.6881793179532476 2.4426818409319306 0.047347457419102304 0.40432457843365921 3.2586071512892443 0.26360713474238723 0.39283063213493019 0.16632511248524717 0.51131907646996921 0.047336991673971186 1.8118957590414011 1.2032280960901711 1.8493886078581518 1.9028984414402388 0.59590655530530412 0.038199924514948726 4.1973635965829477 